stl_pct,tov_pct,pf,sp,blk,fg,threep_pct,ts_pct,ast,inactive,ft_pct,ftr,threepa,pts,fga,fg_pct,fta,drb,stl,starter,pm,threepar,efg_pct,player_name,drb_pct,orb_pct,ft,team_abbr,drtg,date,bpm,ast_pct,orb,trb,ortg,usg_pct,blk_pct,tov,threep,trb_pct
1.2,13.1,1,2377.0,1,7,.625,.826,2,0,1.000,.250,8,22,12,.583,3,2,1,1,+7,.667,.792,Buddy Hield,6.2,3.6,3,SAC,127,20210129,4.2,7.0,1,3,145,16.3,2.2,2,5,5.0
0.0,16.1,1,2238.0,0,8,.571,.831,5,0,1.000,.462,7,26,13,.615,6,4,0,1,+6,.538,.769,Harrison Barnes,13.2,11.4,6,SAC,129,20210129,6.3,19.7,3,7,152,21.1,0.0,3,4,12.3
1.4,29.1,4,2065.0,0,8,.600,.703,4,0,.714,.500,5,24,14,.571,7,1,1,1,-2,.357,.679,De'Aaron Fox,3.6,4.1,5,SAC,128,20210129,-6.8,17.5,1,2,104,29.6,0.0,7,3,3.8
1.8,41.0,6,1571.0,2,1,0,.434,2,0,.750,1.000,0,5,4,.250,4,3,1,1,+3,.000,.250,Richaun Holmes,14.1,10.8,3,SAC,120,20210129,-11.4,8.9,2,5,78,15.7,6.8,4,0,12.6
2.4,25.3,4,1188.0,0,3,.250,.394,1,0,.000,.250,4,7,8,.375,2,4,1,1,+4,.500,.438,Marvin Bagley,24.9,7.1,0,SAC,120,20210129,-16.7,6.8,1,5,69,25.3,0.0,3,1,16.6
1.4,16.1,3,2002.0,1,4,.143,.479,11,0,1.000,.100,7,10,10,.400,1,5,1,0,+2,.700,.450,Tyrese Haliburton,18.4,4.2,1,SAC,123,20210129,0.5,42.5,1,6,130,15.7,2.7,2,1,11.8
2.0,0.0,3,1467.0,0,6,.500,.810,4,0,1.000,.222,4,16,9,.667,2,1,1,0,-10,.444,.778,Cory Joseph,5.0,0.0,2,SAC,127,20210129,7.4,25.2,0,1,178,17.1,0.0,0,2,2.7
2.5,9.4,3,1172.0,1,6,0,.830,1,0,.667,.857,0,16,7,.857,6,7,1,0,0,.000,.857,Hassan Whiteside,44.1,14.5,4,SAC,112,20210129,8.3,8.7,2,9,154,23.0,4.6,1,0,30.3
0.0,0.0,0,318.0,0,0,.000,.000,1,0,0,.000,1,0,1,.000,0,0,0,0,0,1.000,.000,Glenn Robinson,0.0,0.0,0,SAC,133,20210129,-8.9,21.1,0,0,76,8.0,0.0,0,0,0.0
0,0,0,0.0,0,0,0,0,0,0,0,0,0,0,0,0,0,0,0,0,0,0,0,Chimezie Metu,0,0,0,SAC,0,20210129,0,0,0,0,0,0,0,0,0,0
0,0,0,0.0,0,0,0,0,0,0,0,0,0,0,0,0,0,0,0,0,0,0,0,Robert Woodard,0,0,0,SAC,0,20210129,0,0,0,0,0,0,0,0,0,0
0,0,0,0.0,0,0,0,0,0,0,0,0,0,0,0,0,0,0,0,0,0,0,0,Kyle Guy,0,0,0,SAC,0,20210129,0,0,0,0,0,0,0,0,0,0
0,0,0,0.0,0,0,0,0,0,0,0,0,0,0,0,0,0,0,0,0,0,0,0,Jabari Parker,0,0,0,SAC,0,20210129,0,0,0,0,0,0,0,0,0,0
0,0,0,0.0,0,0,0,0,0,0,0,0,0,0,0,0,0,0,0,0,0,0,0,Justin James,0,0,0,SAC,0,20210129,0,0,0,0,0,0,0,0,0,0
1.3,10.3,2,2270.0,0,11,.000,.612,2,0,.714,.700,1,32,20,.550,14,4,1,1,-11,.050,.550,Pascal Siakam,14.9,0.0,10,TOR,130,20210129,-3.6,9.0,0,4,119,32.0,0.0,3,0,7.0
0.0,18.7,3,2230.0,0,7,.250,.487,6,0,1.000,.059,8,17,17,.412,1,1,0,1,-6,.471,.471,Kyle Lowry,3.8,6.6,1,TOR,135,20210129,-9.1,23.5,2,3,102,24.0,0.0,4,2,5.3
5.3,4.7,3,2174.0,0,7,.429,.637,6,0,.900,.625,7,26,16,.438,10,4,4,1,+9,.438,.531,Fred VanVleet,15.6,3.4,9,TOR,120,20210129,8.5,24.3,1,5,145,24.5,0.0,1,3,9.1
2.0,30.4,3,1405.0,0,2,.333,.436,0,0,.500,.333,3,6,6,.333,2,7,1,1,-7,.500,.417,Aron Baynes,42.2,15.8,1,TOR,122,20210129,-11.7,0.0,3,10,80,17.5,0.0,3,1,28.1
2.5,11.3,3,1137.0,1,4,.500,.761,0,0,1.000,.286,4,12,7,.571,2,1,1,1,-5,.571,.714,Terence Davis,7.4,6.5,2,TOR,125,20210129,3.1,0.0,1,2,141,19.5,6.0,1,2,6.9
3.9,14.5,2,1467.0,0,4,.667,1.020,2,0,1.000,.400,3,12,5,.800,2,4,2,0,+10,.600,1.000,Yuta Watanabe,23.1,10.1,2,TOR,122,20210129,10.3,11.5,2,6,181,11.7,0.0,1,2,16.1
7.5,25.0,2,1154.0,0,1,.333,.500,1,0,0,.000,3,3,3,.333,0,0,3,0,+5,1.000,.500,Stanley Johnson,0.0,6.4,0,TOR,119,20210129,-0.2,6.3,1,1,101,8.6,0.0,1,1,3.4
5.4,0.0,3,1060.0,1,3,1.000,.700,3,0,0,.000,1,7,5,.600,0,0,2,0,+10,.200,.700,DeAndre' Bembry,0.0,0.0,0,TOR,120,20210129,9.0,24.1,0,0,164,11.8,6.5,0,1,0.0
0.0,0.0,4,823.0,0,2,0,.400,0,0,0,.000,0,4,5,.400,0,2,0,0,-8,.000,.400,Chris Boucher,20.6,9.0,0,TOR,131,20210129,-16.2,0.0,1,3,101,15.1,0.0,0,0,14.4
0.0,25.8,2,667.0,0,1,.500,.868,0,0,1.000,1.000,2,5,2,.500,2,0,0,0,-4,1.000,.750,Matt Thomas,0.0,11.1,2,TOR,136,20210129,-5.7,0.0,1,1,138,14.5,0.0,1,1,5.9
0.0,0,0,10.0,0,0,0,0,0,0,0,0,0,0,0,0,0,0,0,0,-3,0,0,Paul Watson,0.0,0.0,0,TOR,136,20210129,-8.9,0.0,0,0,0,0.0,0.0,0,0,0.0
0,0,0,0.0,0,0,0,0,0,0,0,0,0,0,0,0,0,0,0,0,0,0,0,Malachi Flynn,0,0,0,TOR,0,20210129,0,0,0,0,0,0,0,0,0,0
0,0,0,0.0,0,0,0,0,0,1,0,0,0,0,0,0,0,0,0,0,0,0,0,Nemanja Bjelica,0,0,0,SAC,0,20210129,0,0,0,0,0,0,0,0,0,0
0,0,0,0.0,0,0,0,0,0,1,0,0,0,0,0,0,0,0,0,0,0,0,0,DaQuan Jeffries,0,0,0,SAC,0,20210129,0,0,0,0,0,0,0,0,0,0
0,0,0,0.0,0,0,0,0,0,1,0,0,0,0,0,0,0,0,0,0,0,0,0,Jahmi'us Ramsey,0,0,0,SAC,0,20210129,0,0,0,0,0,0,0,0,0,0
0,0,0,0.0,0,0,0,0,0,1,0,0,0,0,0,0,0,0,0,0,0,0,0,OG Anunoby,0,0,0,TOR,0,20210129,0,0,0,0,0,0,0,0,0,0
0,0,0,0.0,0,0,0,0,0,1,0,0,0,0,0,0,0,0,0,0,0,0,0,Jalen Harris,0,0,0,TOR,0,20210129,0,0,0,0,0,0,0,0,0,0
0,0,0,0.0,0,0,0,0,0,1,0,0,0,0,0,0,0,0,0,0,0,0,0,Patrick McCaw,0,0,0,TOR,0,20210129,0,0,0,0,0,0,0,0,0,0
0,0,0,0.0,0,0,0,0,0,1,0,0,0,0,0,0,0,0,0,0,0,0,0,Norman Powell,0,0,0,TOR,0,20210129,0,0,0,0,0,0,0,0,0,0
